11
1 265 359
2 261 358
3 262 357
4 115 242
5 114 241
6 111 240
7 710 235
8 700 215
9 710 225
10 715 242
11 695 241
12 -1 -1
1 77 40
2 40 67
3 30 75
4 30 67
5 30 16
6 30 72
7 41 67
8 29 67
9 30 70
10 -1 -1
1 77 40
2 49 67
3 31 75
4 20 67
5 10 16
6 15 72
7 49 67
8 49 67
9 30 70
10 -1 -1
1 4 4
2 3 2
3 3 1
4 1 1
5 4 4
6 4 4
7 -1 -1
1 202 300
2 -1 -1
1 10 71
2 10 68
3 10 61
4 10 52
5 10 19
6 20 15
7 20 14
8 20 21
9 20 10
10 -1 -1
1 792 130
2 162 171
3 142 421
4 126 151
5 792 130
6 792 130
7 792 130
8 126 151
9 654 184
10 792 130
11 186 237
12 792 130
13 221 134
14 792 130
15 106 293
16 148 267
17 792 130
18 792 120
19 493 228
20 792 130
21 -1 -1
1 0 0
2 -1 -1
1 40 40
2 30 30
3 10 10
4 10 12
5 10 20
6 10 11
7 -1 -1
1 100 100
2 200 200
3 100 100
4 200 200
5 100 100
6 10 11
7 -1 -1
1 51 97
2 77 63
3 3 19
4 45 40
5 52 32
6 20 40
7 41 76
8 96 38
9 8 4
10 77 7
11 6 2
12 85 4
13 0 11
14 66 48
15 2 78
16 0 11
17 70 15
18 9 74
19 40 84
20 0 11
21 12 11
22 0 11
23 62 90
24 47 95
25 0 11
26 12 55
27 98 61
28 21 69
29 0 11
30 67 17
31 16 1
32 39 37
33 81 30
34 7 67
35 0 11
36 9 81
37 94 20
38 82 99
39 68 16
40 68 4
41 71 14
42 14 69
43 42 88
44 11 41
45 12 50
46 0 11
47 36 68
48 63 77
49 77 41
50 0 11
51 18 72
52 36 79
53 7 54
54 0 11
55 68 67
56 47 15
57 75 94
58 25 18
59 0 11
60 44 5
61 15 33
62 32 30
63 0 11
64 42 28
65 22 34
66 84 16
67 8 99
68 0 11
69 65 30
70 39 64
71 30 75
72 28 54
73 85 39
74 10 65
75 0 11
76 88 29
77 74 69
78 69 31
79 0 11
80 92 60
81 46 20
82 32 79
83 53 17
84 52 2
85 63 55
86 0 11
87 63 79
88 29 66
89 74 18
90 39 26
91 0 11
92 45 72
93 49 38
94 94 66
95 56 48
96 0 11
97 4 13
98 88 34
99 96 89
100 0 11
101 66 78
102 100 68
103 99 50
104 20 43
105 0 11
106 17 55
107 82 30
108 63 72
109 4 21
110 0 11
111 95 29
112 52 42
113 20 49
114 26 93
115 0 11
116 30 51
117 45 94
118 56 39
119 75 45
120 48 66
121 70 70
122 85 88
123 4 100
124 38 15
125 73 8
126 50 36
127 95 59
128 62 49
129 0 11
130 85 26
131 25 82
132 49 53
133 19 39
134 0 11
135 0 31
136 98 20
137 82 20
138 68 19
139 8 100
140 0 11
141 85 52
142 46 67
143 0 11
144 82 2
145 40 35
146 28 67
147 9 47
148 64 64
149 0 11
150 46 87
151 11 67
152 39 86
153 0 11
154 7 57
155 51 18
156 13 41
157 86 34
158 0 11
159 70 22
160 93 70
161 82 47
162 24 54
163 74 41
164 0 11
165 74 27
166 75 62
167 31 62
168 0 11
169 76 53
170 21 10
171 26 24
172 62 22
173 0 11
174 0 32
175 91 29
176 34 68
177 0 11
178 14 26
179 42 48
180 23 12
181 80 28
182 66 9
183 0 11
184 34 70
185 31 93
186 10 48
187 19 50
188 0 25
189 33 7
190 52 11
191 96 79
192 97 58
193 0 25
194 59 8
195 32 44
196 46 19
197 0 25
198 15 21
199 67 47
200 46 98
201 74 63
202 0 25
203 71 73
204 78 12
205 48 79
206 95 24
207 0 25
208 81 34
209 88 23
210 60 17
211 63 10
212 46 100
213 85 57
214 23 86
215 34 73
216 0 66
217 33 77
218 68 24
219 0 25
220 22 38
221 74 32
222 48 48
223 69 26
224 60 14
225 0 25
226 29 64
227 27 15
228 16 87
229 65 21
230 0 25
231 90 88
232 73 6
233 97 52
234 79 78
235 53 73
236 0 25
237 77 52
238 73 92
239 10 45
240 7 88
241 0 25
242 93 90
243 52 27
244 49 38
245 0 25
246 84 75
247 80 37
248 29 5
249 0 25
250 5 32
251 65 34
252 62 61
253 0 25
254 12 19
255 49 51
256 96 46
257 0 25
258 68 46
259 73 53
260 14 0
261 0 25
262 53 28
263 50 100
264 34 52
265 60 4
266 84 60
267 23 49
268 22 77
269 0 25
270 58 71
271 4 0
272 29 29
273 50 31
274 0 25
275 43 65
276 6 67
277 0 25
278 52 27
279 24 58
280 0 25
281 71 10
282 57 79
283 7 3
284 0 25
285 99 70
286 14 12
287 71 55
288 77 3
289 0 25
290 18 25
291 45 90
292 0 25
293 12 13
294 36 9
295 67 39
296 56 80
297 58 70
298 0 25
299 69 8
300 10 46
301 56 60
302 45 38
303 38 30
304 77 14
305 28 12
306 64 68
307 50 86
308 99 30
309 68 71
310 93 75
311 91 61
312 40 36
313 30 40
314 76 38
315 40 9
316 71 86
317 24 46
318 26 77
319 24 40
320 99 25
321 7 39
322 39 47
323 16 17
324 6 4
325 47 57
326 87 68
327 65 71
328 43 8
329 0 25
330 36 94
331 67 4
332 4 23
333 93 16
334 77 58
335 49 73
336 57 41
337 56 18
338 0 25
339 28 74
340 21 12
341 0 25
342 42 80
343 53 43
344 46 18
345 78 21
346 59 85
347 0 25
348 87 50
349 53 15
350 9 53
351 12 75
352 0 25
353 28 42
354 99 3
355 66 36
356 0 25
357 80 15
358 78 20
359 0 25
360 46 83
361 66 11
362 59 48
363 0 25
364 25 11
365 67 40
366 35 46
367 0 25
368 37 34
369 99 82
370 17 50
371 40 85
372 0 25
373 26 23
374 51 16
375 29 64
376 85 58
377 0 25
378 57 28
379 30 42
380 47 93
381 0 25
382 79 55
383 38 96
384 61 39
385 49 51
386 0 25
387 26 21
388 97 95
389 99 94
390 3 2
391 37 79
392 57 39
393 0 25
394 82 11
395 10 76
396 23 100
397 19 42
398 64 19
399 0 25
400 5 60
401 63 39
402 51 1
403 88 12
404 0 25
405 36 46
406 60 49
407 76 73
408 0 25
409 73 84
410 28 43
411 70 77
412 0 25
413 73 83
414 89 83
415 98 62
416 99 10
417 0 25
418 85 2
419 94 47
420 53 72
421 0 25
422 81 10
423 36 86
424 25 67
425 0 25
426 56 21
427 83 87
428 80 19
429 14 47
430 0 25
431 32 60
432 36 88
433 18 10
434 0 25
435 90 65
436 77 35
437 0 25
438 63 76
439 58 51
440 58 13
441 0 25
442 84 32
443 83 20
444 91 67
445 0 25
446 63 34
447 55 79
448 18 46
449 0 25
450 57 16
451 93 1
452 72 62
453 0 25
454 48 76
455 73 46
456 0 25
457 83 17
458 64 82
459 91 14
460 0 25
461 19 10
462 72 61
463 33 83
464 52 8
465 0 25
466 8 91
467 6 40
468 0 25
469 1 87
470 34 92
471 38 22
472 70 84
473 46 78
474 0 25
475 45 33
476 72 64
477 56 55
478 65 14
479 0 25
480 52 94
481 36 55
482 94 65
483 0 25
484 55 6
485 64 57
486 0 25
487 54 51
488 23 44
489 0 25
490 90 66
491 47 1
492 16 29
493 0 25
494 89 42
495 78 63
496 46 12
497 43 82
498 66 31
499 99 32
500 0 25
501 11 77
502 77 30
503 20 92
504 0 25
505 14 97
506 49 100
507 45 4
508 94 77
509 0 25
510 83 32
511 45 14
512 0 25
513 56 61
514 24 53
515 70 25
516 0 25
517 36 90
518 89 8
519 76 63
520 0 25
521 16 6
522 0 25
523 35 80
524 73 71
525 85 37
526 0 25
527 81 59
528 61 91
529 0 25
530 66 31
531 76 49
532 82 13
533 0 25
534 59 26
535 0 25
536 77 81
537 41 91
538 0 25
539 9 68
540 63 75
541 0 25
542 64 44
543 0 25
544 74 45
545 68 78
546 78 56
547 76 73
548 0 25
549 64 68
550 0 25
551 79 4
552 44 1
553 0 25
554 100 13
555 14 6
556 80 49
557 41 47
558 76 64
559 14 6
560 34 32
561 56 28
562 87 58
563 59 3
564 14 6
565 42 8
566 36 58
567 97 86
568 14 6
569 80 32
570 44 59
571 95 56
572 19 81
573 40 81
574 58 27
575 44 71
576 65 96
577 30 21
578 77 70
579 93 49
580 70 44
581 76 40
582 33 98
583 8 12
584 76 40
585 44 38
586 36 44
587 57 49
588 76 40
589 98 20
590 76 40
591 90 53
592 5 64
593 76 40
594 72 97
595 64 93
596 76 40
597 71 99
598 94 48
599 100 0
600 76 40
601 71 9
602 25 61
603 100 58
604 76 40
605 24 78
606 89 55
607 76 40
608 14 7
609 76 40
610 92 61
611 75 96
612 81 59
613 76 40
614 44 16
615 75 89
616 76 40
617 34 63
618 76 40
619 41 46
620 77 94
621 76 40
622 79 77
623 61 15
624 37 62
625 34 9
626 76 40
627 84 47
628 60 75
629 76 40
630 37 44
631 96 50
632 76 40
633 66 63
634 76 40
635 39 46
636 76 40
637 64 47
638 76 40
639 24 27
640 76 40
641 23 46
642 76 40
643 79 92
644 76 40
645 49 10
646 76 40
647 19 86
648 54 13
649 76 40
650 51 23
651 67 16
652 64 28
653 76 40
654 12 23
655 76 40
656 47 17
657 21 53
658 76 40
659 57 28
660 19 76
661 60 11
662 51 36
663 76 40
664 61 40
665 31 52
666 83 98
667 76 40
668 99 92
669 5 77
670 76 40
671 30 82
672 76 74
673 57 91
674 57 64
675 76 40
676 39 65
677 76 40
678 82 62
679 76 40
680 26 12
681 76 40
682 94 46
683 29 93
684 76 40
685 59 47
686 76 40
687 63 39
688 76 40
689 21 80
690 52 71
691 23 45
692 76 40
693 51 77
694 63 60
695 82 24
696 11 11
697 95 92
698 67 18
699 29 12
700 29 69
701 15 44
702 56 52
703 91 29
704 85 14
705 73 29
706 94 87
707 64 64
708 10 80
709 37 51
710 61 42
711 89 20
712 58 59
713 35 16
714 52 53
715 7 20
716 28 66
717 4 44
718 72 100
719 15 70
720 90 4
721 20 19
722 47 5
723 24 43
724 94 6
725 94 63
726 17 94
727 33 12
728 95 35
729 35 100
730 4 44
731 7 0
732 75 87
733 4 98
734 23 73
735 8 66
736 59 91
737 76 86
738 59 59
739 43 10
740 4 44
741 25 23
742 97 5
743 45 82
744 85 31
745 86 49
746 30 70
747 63 83
748 10 57
749 27 37
750 4 44
751 11 13
752 66 100
753 46 68
754 27 97
755 39 97
756 28 57
757 48 48
758 65 31
759 100 16
760 4 44
761 21 40
762 80 0
763 96 63
764 45 86
765 30 46
766 89 51
767 21 37
768 4 44
769 61 50
770 72 71
771 83 27
772 19 27
773 6 73
774 27 42
775 77 25
776 26 24
777 4 44
778 77 21
779 21 98
780 2 61
781 44 33
782 76 28
783 14 52
784 71 88
785 4 44
786 6 86
787 18 73
788 21 57
789 8 82
790 15 35
791 4 44
792 66 74
793 54 3
794 29 28
795 32 9
796 78 53
797 98 28
798 40 73
799 89 32
800 63 59
801 37 2
802 22 14
803 35 44
804 33 77
805 85 55
806 89 83
807 68 60
808 37 78
809 95 32
810 94 43
811 85 92
812 76 58
813 11 29
814 23 13
815 92 10
816 88 17
817 82 75
818 68 59
819 72 89
820 41 100
821 77 41
822 91 21
823 8 42
824 92 32
825 37 27
826 4 32
827 82 47
828 88 15
829 8 42
830 70 77
831 28 67
832 18 73
833 18 67
834 67 52
835 68 63
836 8 42
837 97 100
838 24 54
839 2 29
840 8 42
841 78 42
842 12 17
843 77 18
844 51 29
845 8 42
846 43 3
847 52 31
848 35 20
849 15 14
850 8 42
851 94 55
852 60 10
853 35 99
854 30 59
855 8 42
856 79 15
857 21 32
858 56 44
859 9 29
860 8 42
861 10 54
862 27 55
863 97 40
864 68 12
865 8 42
866 75 57
867 86 91
868 98 43
869 8 42
870 26 86
871 36 3
872 61 23
873 19 22
874 8 42
875 35 5
876 68 100
877 20 28
878 8 42
879 86 85
880 50 54
881 47 32
882 8 42
883 27 71
884 74 73
885 34 65
886 8 42
887 60 23
888 9 3
889 48 76
890 55 38
891 8 42
892 84 93
893 53 49
894 93 100
895 73 41
896 72 32
897 8 42
898 62 37
899 17 15
900 95 17
901 67 82
902 35 81
903 8 42
904 37 36
905 21 24
906 33 81
907 35 24
908 5 24
909 88 64
910 96 3
911 47 68
912 87 70
913 18 100
914 77 0
915 42 7
916 80 42
917 33 34
918 31 46
919 33 77
920 97 85
921 51 78
922 97 71
923 38 69
924 34 54
925 7 58
926 37 26
927 56 89
928 100 42
929 70 19
930 43 36
931 27 100
932 81 0
933 86 15
934 36 34
935 36 50
936 73 41
937 68 5
938 66 78
939 37 35
940 76 15
941 19 14
942 36 38
943 46 40
944 56 23
945 49 71
946 85 87
947 46 40
948 26 69
949 73 2
950 46 40
951 90 13
952 13 51
953 46 40
954 51 36
955 11 57
956 5 15
957 19 63
958 43 81
959 46 40
960 74 30
961 77 50
962 63 46
963 46 40
964 80 6
965 79 30
966 46 40
967 1 88
968 3 27
969 46 40
970 38 87
971 32 94
972 68 11
973 9 94
974 46 40
975 19 64
976 12 72
977 31 51
978 46 40
979 83 8
980 87 48
981 46 40
982 22 84
983 23 8
984 46 40
985 15 38
986 96 96
987 46 40
988 78 80
989 62 43
990 72 100
991 48 46
992 46 40
993 54 42
994 40 22
995 46 40
996 50 43
997 57 28
998 31 63
999 9 75
1000 -1 -1


